 2 <-- An STX (ASCII 2) is sent once the data is acquired and stored.
 
255 255 	<-- WORD 0xFFFF – start of spectrum
0 0			<-- WORD channel number ALWAYS 0
0 0			<-- WORD scan number ALWAYS 0
0 0			<-- WORD scans in memory ALWAYS 0
0 100		<-- WORD integration time in milliseconds
0 0			<-- WORD integration time counter ALWAYS 0
0 0 			<-- WORD pixel mode
0 0  			<-- WORDs if pixel mode not 0, indicates parameters passed to the Pixel Mode command (P)  ????

Spectral Data
------------------
0 111 0 112 0 113 0 111 0 114 0 112 0 118 0 116 0 114 0 114 0 118 0 119 0 123 0 120 0 116 0 114 0 114 0 118 0 117 0 118 0 115 0 118 0 118 0 117 0 117 0 112 0 115 0 116 0 115 0 115 0 116 0 119 0 121 0 121 0 117 0 114 0 115 0 118 0 117 0 116 0 121 0 122 0 116 0 115 0 118 0 119 0 122 0 117 0 119 0 117 0 120 0 121 0 117 0 117 0 115 0 114 0 115 0 118 0 116 0 114 0 121 0 119 0 118 0 120 0 118 0 118 0 120 0 118 0 116 0 117 0 115 0 118 0 119 0 117 0 119 0 116 0 118 0 121 0 115 0 118 0 120 0 114 0 117 0 115 0 118 0 116 0 113 0 119 0 120 0 118 0 117 0 116 0 116 0 117 0 119 0 119 0 124 0 118 0 116 0 119 0 119 0 122 0 117 0 119 0 120 0 117 0 116 0 117 0 116 0 124 0 117 0 118 0 119 0 117 0 117 0 116 0 116 0 117 0 119 0 115 0 118 0 115 0 115 0 116 0 115 0 118 0 120 0 119 0 116 0 117 0 116 0 120 0 121 0 118 0 118 0 119 0 120 0 117 0 117 0 113 0 116 0 115 0 118 0 117 0 116 0 119 0 118 0 117 0 128 0 120 0 113 0 122 0 121 0 121 0 120 0 119 0 116 0 118 0 120 0 118 0 120 0 119 0 123 0 121 0 120 0 121 0 118 0 118 0 119 0 118 0 121 0 120 0 118 0 112 0 115 0 118 0 117 0 117 0 117 0 118 0 117 0 113 0 117 0 120 0 118 0 120 0 123 0 119 0 119 0 118 0 121 0 120 0 116 0 120 0 119 0 118 0 118 0 120 0 120 0 117 0 116 0 119 0 117 0 115 0 114 0 115 0 117 0 127 0 119 0 123 0 118 0 118 0 115 0 122 0 122 0 121 0 121 0 126 0 122 0 121 0 120 0 121 0 119 0 119 0 119 0 120 0 120 0 120 0 117 0 118 0 120 0 117 0 121 0 120 0 119 0 121 0 120 0 120 0 121 0 119 0 115 0 114 0 116 0 121 0 117 0 121 0 117 0 119 0 124 0 125 0 119 0 119 0 120 0 120 0 122 0 121 0 118 0 119 0 119 0 120 0 120 0 121 0 119 0 119 0 117 0 116 0 117 0 124 0 120 0 117 0 117 0 120 0 117 0 118 0 115 0 116 0 116 0 118 0 117 0 118 0 121 0 120 0 119 0 119 0 118 0 121 0 119 0 118 0 119 0 119 0 116 0 119 0 121 0 117 0 119 0 117 0 117 0 119 0 117 0 120 0 119 0 117 0 117 0 120 0 119 0 118 0 117 0 119 0 116 0 120 0 114 0 111 0 120 0 118 0 121 0 118 0 119 0 119 0 118 0 123 0 122 0 120 0 120 0 120 0 121 0 119 0 120 0 123 0 120 0 117 0 121 0 118 0 118 0 121 0 121 0 122 0 120 0 118 0 119 0 120 0 121 0 121 0 118 0 119 0 122 0 119 0 116 0 119 0 119 0 119 0 120 0 116 0 120 0 119 0 118 0 118 0 119 0 119 0 118 0 120 0 121 0 118 0 123 0 121 0 119 0 116 0 118 0 118 0 120 0 118 0 117 0 118 0 117 0 118 0 119 0 121 0 118 0 118 0 120 0 117 0 121 0 120 0 122 0 118 0 118 0 117 0 118 0 121 0 121 0 120 0 121 0 118 0 119 0 122 0 120 0 119 0 118 0 119 0 120 0 118 0 118 0 117 0 118 0 119 0 121 0 120 0 122 0 115 0 118 0 114 0 114 0 118 0 117 0 121 0 119 0 125 0 124 0 122 0 116 0 120 0 120 0 121 0 121 0 119 0 119 0 119 0 124 0 117 0 119 0 121 0 120 0 119 0 119 0 115 0 115 0 116 0 117 0 119 0 116 0 119 0 122 0 120 0 119 0 121 0 121 0 119 0 117 0 117 0 120 0 121 0 119 0 119 0 119 0 119 0 114 0 116 0 119 0 120 0 115 0 116 0 121 0 117 0 119 0 121 0 120 0 121 0 117 0 118 0 119 0 118 0 119 0 119 0 121 0 122 0 122 0 120 0 125 0 120 0 118 0 119 0 121 0 123 0 117 0 120 0 119 0 119 0 120 0 120 0 120 0 119 0 121 0 121 0 120 0 125 0 116 0 119 0 119 0 119 0 115 0 114 0 121 0 121 0 119 0 118 0 118 0 116 0 115 0 117 0 117 0 116 0 118 0 116 0 119 0 120 0 119 0 119 0 116 0 117 0 116 0 121 0 119 0 119 0 113 0 113 0 118 0 118 0 121 0 120 0 121 0 120 0 123 0 117 0 116 0 116 0 118 0 122 0 122 0 121 0 122 0 118 0 118 0 119 0 121 0 119 0 119 0 118 0 118 0 117 0 118 0 117 0 117 0 119 0 119 0 120 0 121 0 116 0 115 0 118 0 121 0 120 0 125 0 121 0 120 0 118 0 116 0 116 0 115 0 117 0 120 0 120 0 121 0 116 0 118 0 122 0 118 0 120 0 117 0 117 0 124 0 121 0 120 0 119 0 121 0 119 0 121 0 123 0 122 0 118 0 115 0 118 0 122 0 120 0 116 0 116 0 118 0 120 0 120 0 122 0 120 0 120 0 122 0 123 0 121 0 121 0 125 0 122 0 122 0 123 0 120 0 120 0 119 0 120 0 124 0 120 0 118 0 119 0 123 0 121 0 123 0 124 0 120 0 120 0 125 0 122 0 123 0 119 0 125 0 125 0 126 0 127 0 125 0 127 0 126 0 129 0 126 0 130 0 132 0 128 0 133 0 133 0 133 0 135 0 133 0 137 0 140 0 139 0 139 0 141 0 143 0 148 0 145 0 142 0 147 0 155 0 159 0 150 0 155 0 161 0 160 0 162 0 170 0 171 0 172 0 183 0 181 0 185 0 191 0 190 0 200 0 204 0 211 0 202 0 210 0 213 0 225 0 229 0 238 0 239 0 238 0 246 0 250 1 4 1 6 1 18 1 36 1 42 1 45 1 54 1 57 1 64 1 81 1 86 1 78 1 112 1 103 1 124 1 120 1 117 1 108 1 142 1 180 1 154 1 144 1 163 1 174 1 163 1 201 1 170 1 238 1 232 1 205 2 3 1 248 2 15 2 5 2 34 2 8 2 40 2 4 2 0 2 34 2 27 2 21 2 20 2 23 2 16 2 13 1 242 1 255 1 246 1 249 2 9 1 229 1 210 1 224 1 216 1 188 1 189 1 154 1 147 1 132 1 135 1 107 1 120 1 96 1 76 1 83 1 61 1 56 1 42 1 33 1 18 1 9 1 2 0 252 1 2 0 244 0 253 0 237 0 236 0 217 0 229 0 232 0 215 0 210 0 211 0 205 0 201 0 203 0 200 0 188 0 198 0 189 0 186 0 190 0 182 0 178 0 174 0 175 0 177 0 178 0 172 0 175 0 172 0 165 0 167 0 162 0 158 0 155 0 163 0 160 0 155 0 148 0 146 0 155 0 150 0 150 0 146 0 143 0 145 0 146 0 143 0 144 0 149 0 141 0 141 0 145 0 143 0 135 0 142 0 142 0 142 0 140 0 137 0 137 0 138 0 135 0 139 0 137 0 137 0 133 0 139 0 139 0 135 0 140 0 140 0 137 0 136 0 133 0 132 0 132 0 135 0 134 0 135 0 133 0 133 0 132 0 132 0 132 0 129 0 135 0 134 0 137 0 135 0 137 0 136 0 138 0 134 0 138 0 136 0 137 0 137 0 137 0 136 0 138 0 135 0 136 0 140 0 138 0 134 0 133 0 135 0 140 0 141 0 140 0 140 0 136 0 138 0 141 0 143 0 141 0 146 0 141 0 143 0 148 0 144 0 146 0 143 0 148 0 143 0 144 0 149 0 146 0 144 0 146 0 144 0 150 0 154 0 148 0 148 0 152 0 148 0 148 0 150 0 147 0 150 0 151 0 151 0 152 0 149 0 149 0 153 0 155 0 151 0 156 0 151 0 155 0 154 0 155 0 156 0 149 0 145 0 158 0 152 0 150 0 149 0 152 0 153 0 152 0 152 0 153 0 155 0 150 0 148 0 148 0 154 0 154 0 151 0 150 0 146 0 157 0 155 0 147 0 149 0 153 0 153 0 147 0 148 0 144 0 147 0 137 0 141 0 146 0 146 0 142 0 144 0 141 0 138 0 141 0 137 0 134 0 141 0 140 0 140 0 136 0 139 0 135 0 137 0 137 0 137 0 137 0 136 0 135 0 138 0 137 0 132 0 130 0 131 0 131 0 131 0 131 0 129 0 127 0 128 0 131 0 130 0 129 0 132 0 128 0 124 0 134 0 126 0 123 0 123 0 124 0 123 0 126 0 122 0 128 0 132 0 128 0 122 0 122 0 122 0 123 0 121 0 130 0 122 0 121 0 119 0 116 0 118 0 121 0 122 0 119 0 118 0 118 0 120 0 121 0 118 0 119 0 121 0 119 0 120 0 123 0 121 0 118 0 117 0 118 0 118 0 119 0 114 0 118 0 124 0 120 0 118 0 121 0 118 0 118 0 117 0 120 0 119 0 118 0 119 0 119 0 121 0 122 0 118 0 120 0 116 0 117 0 119 0 118 0 117 0 119 0 122 0 121 0 121 0 118 0 117 0 119 0 115 0 117 0 116 0 118 0 121 0 121 0 117 0 118 0 119 0 116 0 118 0 116 0 119 0 122 0 120 0 119 0 121 0 122 0 115 0 116 0 114 0 115 0 118 0 121 0 120 0 119 0 117 0 126 0 121 0 120 0 118 0 117 0 120 0 119 0 119 0 121 0 127 0 122 0 120 0 118 0 115 0 116 0 122 0 115 0 116 0 117 0 118 0 119 0 122 0 124 0 118 0 116 0 116 0 118 0 115 0 116 0 116 0 116 0 120 0 120 0 117 0 120 0 121 0 118 0 123 0 119 0 118 0 116 0 122 0 118 0 118 0 119 0 121 0 116 0 119 0 119 0 115 0 118 0 120 0 118 0 122 0 119 0 118 0 117 0 118 0 117 0 118 0 118 0 116 0 114 0 116 0 114 0 119 0 114 0 120 0 119 0 117 0 117 0 115 0 117 0 120 0 116 0 117 0 118 0 119 0 116 0 118 0 121 0 116 0 119 0 116 0 118 0 120 0 117 0 116 0 115 0 119 0 120 0 117 0 119 0 118 0 120 0 116 0 119 0 119 0 119 0 122 0 122 0 114 0 117 0 117 0 118 0 118 0 117 0 114 0 116 0 113 0 108 0 116 0 118 0 121 0 119 0 118 0 118 0 118 0 116 0 117 0 116 0 117 0 118 0 115 0 118 0 116 0 114 0 116 0 120 0 118 0 120 0 119 0 118 0 116 0 115 0 117 0 117 0 117 0 120 0 118 0 118 0 117 0 117 0 116 0 116 0 115 0 117 0 116 0 114 0 119 0 117 0 117 0 118 0 121 0 118 0 118 0 117 0 118 0 118 0 113 0 118 0 116 0 120 0 114 0 114 0 113 0 117 0 118 0 117 0 117 0 118 0 116 0 118 0 121 0 121 0 118 0 120 0 117 0 120 0 116 0 117 0 121 0 117 0 117 0 116 0 117 0 118 0 115 0 121 0 119 0 116 0 118 0 118 0 114 0 115 0 115 0 114 0 119 0 117 0 119 0 119 0 116 0 117 0 116 0 119 0 119 0 121 0 119 0 118 0 120 0 118 0 119 0 119 0 117 0 117 0 115 0 118 0 116 0 116 0 118 0 120 0 118 0 116 0 114 0 119 0 121 0 119 0 118 0 119 0 119 0 120 0 116 0 118 0 118 0 120 0 117 0 119 0 119 0 120 0 119 0 115 0 118 0 116 0 119 0 121 0 120 0 119 0 119 0 118 0 120 0 115 0 113 0 115 0 114 0 117 0 121 0 118 0 119 0 119 0 120 0 120 0 120 0 119 0 122 0 118 0 118 0 120 0 117 0 119 0 115 0 116 0 117 0 117 0 117 0 119 0 119 0 117 0 123 0 120 0 119 0 118 0 119 0 119 0 118 0 120 0 116 0 115 0 115 0 115 0 115 0 114 0 117 0 111 0 111 0 115 0 118 0 119 0 114 0 116 0 117 0 117 0 118 0 118 0 118 0 116 0 119 0 116 0 117 0 116 0 117 0 120 0 123 0 119 0 115 0 118 0 117 0 125 0 122 0 118 0 117 0 118 0 117 0 119 0 118 0 115 0 118 0 119 0 116 0 116 0 116 0 117 0 119 0 115 0 118 0 119 0 118 0 119 0 119 0 120 0 119 0 117 0 114 0 117 0 117 0 118 0 119 0 119 0 121 0 117 0 119 0 126 0 122 0 121 0 119 0 122 0 119 0 120 0 120 0 119 0 117 0 113 0 119 0 118 0 123 0 120 0 120 0 122 0 121 0 116 0 118 0 116 0 115 0 116 0 118 0 117 0 119 0 121 0 116 0 116 0 118 0 115 0 117 0 120 0 119 0 119 0 116 0 118 0 120 0 121 0 119 0 119 0 122 0 121 0 119 0 119 0 119 0 119 0 118 0 118 0 118 0 117 0 119 0 119 0 123 0 120 0 120 0 120 0 121 0 122 0 119 0 127 0 122 0 122 0 125 0 118 0 117 0 118 0 121 0 118 0 121 0 123 0 120 0 121 0 123 0 123 0 123 0 119 0 120 0 117 0 125 0 126 0 121 0 122 0 120 0 120 0 118 0 119 0 123 0 118 0 121 0 121 0 124 0 123 0 122 0 125 0 123 0 124 0 125 0 122 0 125 0 125 0 124 0 120 0 125 0 131 0 126 0 127 0 127 0 123 0 126 0 127 0 123 0 126 0 126 0 127 0 121 0 120 0 121 0 123 0 123 0 126 0 123 0 125 0 123 0 124 0 123 0 124 0 127 0 128 0 129 0 127 0 126 0 125 0 127 0 126 0 124 0 125 0 122 0 123 0 127 0 129 0 127 0 126 0 129 0 128 0 124 0 126 0 123 0 123 0 129 0 123 0 123 0 125 0 123 0 123 0 122 0 126 0 122 0 125 0 129 0 127 0 125 0 126 0 125 0 122 0 125 0 123 0 128 0 126 0 127 0 125 0 123 0 124 0 126 0 127 0 119 0 123 0 124 0 124 0 120 0 124 0 125 0 122 0 124 0 123 0 123 0 122 0 120 0 122 0 121 0 122 0 121 0 124 0 127 0 128 0 124 0 124 0 120 0 123 0 123 0 125 0 124 0 123 0 122 0 125 0 119 0 122 0 123 0 121 0 124 0 124 0 122 0 125 0 125 0 124 0 124 0 123 0 127 0 124 0 119 0 124 0 127 0 121 0 121 0 124 0 121 0 121 0 126 0 124 0 126 0 124 0 125 0 123 0 125 0 125 0 124 0 121 0 122 0 123 0 124 0 123 0 124 0 122 0 124 0 122 0 126 0 124 0 123 0 122 0 118 0 124 0 123 0 124 0 123 0 123 0 122 0 126 0 123 0 121 0 119 0 118 0 126 0 121 0 121 0 127 0 125 0 123 0 120 0 119 0 121 0 124 0 124 0 122 0 123 0 123 0 122 0 119 0 121 0 124 0 122 0 121 0 124 0 124 0 120 0 121 0 126 0 125 0 120 0 118 0 118 0 120 0 118 0 119 0 121 0 119 0 118 0 121 0 122 0 123 0 122 0 122 0 121 0 117 0 124 0 122 0 121 0 119 0 124 0 120 0 114 0 118 0 119 0 119 0 123 0 119 0 124 0 120 0 121 0 116 0 119 0 120 0 119 0 121 0 120 0 123 0 119 0 121 0 120 0 120 0 119 0 121 0 123 0 122 0 118 0 115 0 118 0 122 0 124 0 120 0 120 0 120 0 120 0 121 0 118 0 124 0 120 0 117 0 122 0 122 0 120 0 125 0 124 0 119 0 120 0 122 0 119 0 119 0 121 0 119 0 120 0 118 0 118 0 117 0 119 0 119 0 118 0 119 0 119 0 116 0 115 0 120 0 121 0 120 0 122 0 121 0 119 0 115 0 118 0 120 0 121 0 128 0 123 0 120 0 116 0 118 0 118 0 116 0 118 0 121 0 121 0 122 0 120 0 122 0 119 0 120 0 118 0 119 0 116 0 117 0 118 0 123 0 121 0 121 0 113 0 123 0 119 0 119 0 119 0 122 0 122 0 120 0 117 0 119 0 122 0 122 0 120 0 119 0 120 0 118 0 118 0 118 0 118 0 121 0 118 0 114 0 116 0 121 0 124 0 120 0 122 0 120 0 122 0 119 0 118 0 120 0 121 0 120 0 121 0 120 0 121 0 117 0 116 0 119 0 122 0 117 0 119 0 117 0 126 0 119 0 119 0 125 0 121 0 118 0 117 0 116 0 119 0 121 0 121 0 122 0 122 0 116 0 116 0 118 0 120 0 120 0 120 0 118 0 119 0 119 0 124 0 117 0 113 0 113 0 118 0 117 0 118 0 116 0 118 0 120 0 117 0 118 0 119 0 120 0 119 0 120 0 124 0 120 0 122 0 118 0 120 0 117 0 120 0 119 0 114 0 113 0 115 0 116 0 116 0 117 0 115 0 114 0 122 0 118 0 117 0 121 0 120 0 119 0 120 0 120 0 122 0 118 0 119 0 117 0 122 0 120 0 117 0 117 0 114 0 117 0 118 0 121 0 115 0 115 0 120 0 118 0 117 0 121 0 115 0 120 0 119 0 115 0 119 0 119 0 118 0 117 0 116 0 116 0 122 0 120 0 119 0 118 0 119 0 118 0 118 0 120 0 120 0 116 0 120 0 117 0 118 0 119 0 117 0 115 0 119 0 117 0 120 0 115 0 117 0 117 0 120 0 119 0 114 0 112 0 118 0 121 0 115 0 116 0 118 0 117 0 116 0 121 0 121 0 124 0 116 0 119 0 120 0 121 0 120 0 121 0 117 0 119 0 120 0 118 0 118 0 116 0 120 0 116 0 117 0 115 0 118 0 120 0 120 0 120 0 116 0 119 0 119 0 119 0 117 0 117 0 125 0 122 0 120 0 119 0 119 0 121 0 118 0 115 0 115 0 119 0 115 0 118 0 119 0 118 0 116 0 118 0 119 0 115 0 121 0 118 38 84 

255 253 			--> WORD 0xFFFD – end of spectrum
